[   3.8081992  159.17064    147.9883     110.55471    -46.457767
   31.990885   -11.834513    10.497055   109.11284    -48.632004
  -93.80978     11.07822     24.867153   -35.84675    -52.532337
  -27.353327   -28.661253    -5.574183   -23.058422     2.6436133
  -33.51637      2.0999293  -32.361637    29.32419     10.493083
  -41.110706    -1.1848531  -57.161026    11.30222    -74.70662
  -63.79038     85.82849    120.42575    129.47592    -15.85532
  -46.464138    36.97293    -32.509605    27.234884   -42.905956
  -58.561607    75.25518    -17.437416   -17.918245    49.393864
   83.66064     62.672634     1.0120573   36.154636     9.336592
   -8.245997     2.2075825    5.845265     9.197717   -58.535908
    9.194432    13.964758   -47.71666     19.607355    24.439312
    8.254576    30.235662    91.5371      13.46662     27.09918
   75.53645     52.7094     -42.502865    25.446234    18.975826
 -115.044556   100.624306    35.7181      31.878885   -15.408862
   26.562454   -13.658861    15.233608    31.798124   -34.63829
  -54.02875    -32.614994     3.6585836   17.45723     71.25491
   66.17539    109.31427     89.619675   -15.661894    48.07075
   19.091331    61.526287    -8.787382    41.469093    46.876575
  -30.662283   -25.82783    -11.048033   -65.41997      5.1904573
   34.808872    43.858646    -7.9974027   -8.710991   -37.001553
  -54.913353    83.06826    -44.397263    -4.370054   -50.489162
  -52.911602    -4.940823    91.613525   -30.223228   -20.873606
  -89.242355    -9.378522   -28.71        59.780403   -43.065243
  -58.950035    30.055964   -12.884701   -33.49742     -8.93671
  -45.256542   -70.87138    -93.993744   -68.4881     -33.887863
    8.007758   -91.67905     -3.3550465  -17.312796   -33.087666
   81.098915    23.318483    32.425125   -12.353517   -59.875523
  -28.516317    31.624529    18.533438    40.037323   -42.086166
  -13.8274975   -2.4405901   25.169603     8.083554    23.851963
  -75.08092      7.736561    15.605628    84.63201     89.3391
   55.60769    -21.24799      6.9570594  -33.853386   -51.85036
  -37.578747    33.92303    -45.58697    -75.82612    -30.329031
  -30.877424    32.03845    -30.747622    -4.7999673 -102.536194
  -26.871773   -43.259064   -45.22067    -59.801693    -1.1955961
  -72.5754     -22.457996    -8.775397   116.170616    -5.937682
  -57.218174    41.0118     -34.1931     -71.37939     36.713917
   96.30917    100.14532    -55.607235    45.575596    43.35106
   41.048424   -14.638623   -67.8193      23.311743   -69.040276
    7.3444486  -37.830368   -15.768297   -44.389565   -78.03109  ]
